     1.7     1.3

  0.5882  0.7692

    16.7    13.3
    20.1    15.9
    23.5    18.5
    26.9    21.1
    30.3    23.7
    33.7    26.3
    37.1    28.9
    40.5    31.5
    43.9    34.1
    47.3    36.7
    50.7    39.3
    54.1    41.9

  9.8235 10.2308
 11.8235 12.2308
 13.8235 14.2308
 15.8235 16.2308
 17.8235 18.2308
 19.8235 20.2308
 21.8235 22.2308
 23.8235 24.2308
 25.8235 26.2308
 27.8235 28.2308
 29.8235 30.2308
 31.8235 32.2308


         COL1           COL2
-------------  -------------
 9.8235294118  10.2307692308
11.8235294118  12.2307692308
13.8235294118  14.2307692308
15.8235294118  16.2307692308
17.8235294118  18.2307692308
19.8235294118  20.2307692308
21.8235294118  22.2307692308
23.8235294118  24.2307692308
25.8235294118  26.2307692308
27.8235294118  28.2307692308
29.8235294118  30.2307692308
31.8235294118  32.2307692308

